   0.159653    0.256171    0.717044 8.07525e-09 8.67725e-09
0.674559 0.370165   2.3732 0.428067 0.218823
 1.21901 0.534763   2.8573  0.46437 0.221736
 1.75224 0.641434  3.17907 0.455879 0.202088
 2.29778 0.717854   3.4294 0.426134 0.170432
 2.81051 0.753493  3.61024 0.388104 0.133437
  3.49053  0.640803   3.83127  0.305756 0.0610822
  4.05915  0.671991   4.00071  0.286192 0.0338021
  4.49585  0.838814   4.09618  0.305252 0.0446756
  5.06181  0.798877   4.25386  0.410551 0.0592989
 5.62331 0.832837  4.41175  0.71499 0.158213
 6.11933  1.05036  4.64334  1.58335 0.504429
  6.49297    1.1436   5.76983  0.687112 -0.179327
  7.1485  1.30091  5.86772  2.03532 0.413857
  7.52047    1.1723   5.61174   1.60267 0.0730216
 7.91895  1.29088  5.22457  3.25454 0.681043
 8.33237  1.19606   5.1161  3.26599 0.643638
 8.73243  1.12841  4.81991   3.1218 0.548403
 9.25808  1.29496  4.38626  3.11946 0.521468
 9.71403  1.39871  3.98652  3.06554 0.476433
  10.248  1.47409  3.67707   2.7944 0.348044
 10.7709  1.56695  3.61513  2.83122 0.344479
 11.2529  1.68411   3.7038  2.88784 0.357551
11.7372 1.73185 3.74753 2.76009 0.29492
 12.2125  1.95511  3.96384  3.05183 0.401134
 12.5075  2.09522  4.22666  3.31429 0.485544
 13.0469  2.30335  4.38785  3.30432 0.471525
13.5683 2.57751 4.59579 3.28878 0.45554
 14.0188  2.74774  4.69051  3.07198 0.368294
 14.5517  3.10639  4.98624  3.25717 0.424761
 14.9618  3.38713  5.18974   3.8254 0.604201
 15.4715  3.70683  5.12298  3.21016 0.390787
 15.9013  4.04747  5.15076  3.28938 0.394636
 16.1791  4.36664  5.26608  3.03343 0.308159
 16.581 4.72021 5.17639 3.98243 0.57355
 16.8634  4.99262  5.07365  3.76039 0.485245
 17.2899  5.26994  5.26713  3.32729 0.363813
17.6158 5.70629 5.38259 3.15051  0.3094
 17.9451  6.10937    5.259  4.30143 0.617977
 18.2588  6.38726  5.04836  3.87465 0.474427
 18.5286   6.6692  5.17479  3.77459 0.442716
 18.7258  7.18152  5.24003  3.95585 0.480975
 18.8846   7.4998  5.20563  4.50283 0.604676
19.1285 7.80358 4.88107 4.41911  0.5511
 19.4738  8.20651  5.24346  3.64131 0.367668
  19.638  8.73365  5.32602  3.52022 0.334492
 19.8223  9.20179  5.27739  4.28233 0.515182
 19.9274  9.70308   5.4178  4.71662 0.617461
  20.166  10.1386  5.57527  5.17959 0.725508
 20.2069  10.5327  5.48451   5.4518 0.758769
 20.356  11.065 5.48569 5.15034 0.66433
 20.3217  11.6147  5.69865  3.84477 0.353786
  20.3459    12.169   5.93164   2.40608 0.0178767
  20.2121   12.6925   6.10734   2.53455 0.0389618
  20.1291   13.3038    6.1954   2.62184 0.0571651
 19.9397  13.8154   6.2206  3.26914 0.193491
  19.693  14.2069  6.22929  3.71851 0.284344
 19.7739  14.5944  6.27121  4.32695 0.411464
 19.8506  14.8392   6.3743  5.51531 0.648629
 19.7316  15.2643  6.45917  5.69622 0.674696
 19.6873  15.6626  6.58388  5.47485 0.618124
 19.5714  16.1544  6.68523  4.37753 0.379725
 19.0964  16.6315  6.83514  4.20759 0.343384
 18.6027  16.9638  6.98918  4.21342 0.345932
 18.3034  17.2955  7.09739  4.15553 0.333595
 18.1432  17.7012  7.18958  4.01509 0.304915
17.7141 18.0406 7.30332 4.58787 0.42168
 17.5425  18.3864  7.39918  4.85976 0.474809
 17.3467  18.7525  7.44382  3.49964 0.158275
  16.7216   19.0013   7.30783   1.46235 -0.275091
  16.3531   19.4711   7.34108  0.733667 -0.404524
  16.2218   19.8833   7.41614 -0.735398 -0.656371
  15.7519   19.9269   7.50873  -1.14138 -0.710502
  15.2897    20.076   7.63867  -1.46706 -0.748115
   14.739   20.1613   7.78116   -1.6562 -0.758569
  14.1218   20.2335   7.92055  -1.68318 -0.738689
  13.6806   20.4051   8.02595   -1.5619 -0.694003
  13.3136   20.5498   8.06149 -0.933539 -0.562785
  12.9386   20.7855   8.39008  -2.48647 -0.847487
  12.2077   20.6916   8.55833  -2.72242 -0.877756
  11.5186   20.6227   8.56666  -2.56313 -0.834069
  11.0175   20.5974   8.58028  -2.41271 -0.791852
 10.5306  20.7586  8.56786 -1.59789 -0.63522
  10.4597   20.6319   8.56342  -0.93961 -0.562908
  10.2213   20.5687   8.43177   1.19382 -0.192199
  9.57375    20.802   8.42423   1.16984 -0.196475
  9.04141   20.8471   8.40191  0.944838 -0.237178
  8.66957   20.8874   8.38207  0.460536 -0.323585
  8.26279   20.5669   8.79784   -1.6232 -0.626689
 7.57224  20.2349  8.93826 -1.98129 -0.66706
  6.94554   20.0101   9.05187  -2.14008 -0.673429
  6.26836   19.6407   9.13618  -2.15086 -0.655233
  5.83375   19.3106   9.16583  -2.08813 -0.628964
  5.44476   19.2063   9.21402  -1.71032 -0.546527
  5.29762   18.9282   8.89967 -0.738264 -0.413807
  5.04891    18.671   9.20368 -0.351096 -0.312517
   4.92344    18.5382    9.19879    1.17749 -0.0470409
   4.31677    18.5222    9.28347     1.1344 -0.0470928
   3.85915    18.3661    9.35284    1.01255 -0.0625082
   3.51888    18.1352    9.41163   0.855525 -0.0839152
  3.18497    17.686   9.54421   0.61447 -0.108633
  2.83147    17.141   9.53947  0.592552 -0.109879
  2.57649     16.79   9.58201  0.559365 -0.113493
   2.21968    16.4741    9.41521   0.810476 -0.0832101
  1.86193   16.1316   9.47429  0.544882 -0.124565
   1.44693    15.6879    9.38619   0.867209 -0.0632278
   1.24792    15.2622    9.49816   0.820292 -0.0614009
  0.938019    14.8621    9.51705   0.791702 -0.0621732
  0.861417    14.4398     9.6269   0.816495 -0.0508189
  0.516551    14.0295    9.59752   0.729384 -0.0659058
  0.417999    13.5234    9.54789    1.21591 0.00774322
0.0967114   13.1854   9.53137  0.715309 -0.071971
 -0.121597    12.6514    9.56953   0.560807 -0.0932876
 -0.439542     12.066     9.6397   0.579194 -0.0830921
 -0.69769   11.6724   9.74505  0.718436 -0.050036
 -0.906922    11.1426    9.85121   0.861868 -0.0151354
  -1.10426    10.8034    9.90468   0.784778 -0.0236149
  -1.28479    10.3548    9.93445   0.625265 -0.0521496
  -1.42523     9.8138    10.0559   0.799565 -0.0139013
   -1.6514     9.3124    10.1046   0.748595 -0.0254134
 -1.77586   8.97745   10.1942  0.677005 -0.031704
   -1.9875    8.45409    10.2667   0.516106 -0.0518943
  -2.18267    7.91911    10.3657   0.506249 -0.0475426
 -2.25004   7.42323    10.386   1.12433 0.0524088
 -2.46245   7.07721   10.4553  0.976497 0.0316111
 -2.65249   6.47643   10.5408  0.818578 0.0147635
   -2.84515     5.96364     10.5785    0.673115 -0.00824097
   -3.03623      5.3787     10.6017    0.688204 -0.00396136
  -3.30714    4.90459    10.6436   0.404897 -0.0487208
  -3.36446    4.46057    10.7011   0.273551 -0.0666007
  -3.49934    3.92391    10.7633    0.15228 -0.0808471
   -3.649   3.30638    10.856 0.0378337 -0.089701
  -3.85806    2.73479    10.9501 -0.0549387 -0.0940794
  -4.12771    2.20108    11.1061    0.30175 -0.0140325
 -4.21026   1.88465   11.1894  0.821723 0.0839083
-4.49141  1.59759  11.0764  1.38741 0.148621
-4.76812  1.04847  10.2869  2.86951 0.335657
-5.07524 0.461214  11.5576  2.30433 0.341191
 -5.5593 0.210398  10.9166  2.13678 0.228006
-5.82413 -0.26652   10.563  1.91009 0.157241
  -6.12061  -0.600007    10.2976    1.00376 -0.0166171
  -6.19737   -1.07739    10.8123 0.00967658  -0.115885
  -6.24218   -1.72831    10.8361 -0.0807948  -0.128119
 -6.25844  -2.40224   10.9108 -0.130172 -0.128955
 -6.51937  -2.91685   10.8993 -0.468046 -0.192785
 -6.75781  -3.31166   11.0176 -0.376202 -0.165181
  -7.08386   -3.86614    11.1811 0.00960618 -0.0825579
  -7.4385  -4.27071    11.292  0.735793 0.0549605
 -7.78215  -4.33049   11.2536  0.585172 -0.048105
  -8.13053   -4.74654    11.3473   0.735568 -0.0147242
 -8.31239  -5.01686   11.4283   1.10776 0.0583513
-8.83189 -5.39657  11.5823  1.20365 0.109756
-9.26032 -5.76307  11.7209  1.18056 0.122703
 -9.58232  -6.11175   11.6617  0.650451 0.0226486
 -9.97225  -6.56267   11.9607  0.703626 0.0691925
 -10.3077   -6.8255   12.1624  0.539844 0.0600794
 -10.4627  -7.09669   12.2412  0.433089 0.0470405
  -10.8038    -7.4183    12.3983  -0.201349 -0.0487833
 -11.2338   -7.8285   12.3961 -0.555876 -0.104324
  -11.6021   -8.20152    12.4612  -0.503354 -0.0913321
  -12.2144    -8.5798    12.5621  -0.466976 -0.0833025
  -12.5277   -8.70359    12.6153  -0.384587 -0.0699525
  -13.0144   -8.97088    12.7018  -0.263301 -0.0479469
  -13.4556   -9.15601     12.775  -0.127935 -0.0228505
  -14.1035   -9.23114    12.8824  -0.253472 -0.0392325
  -14.6664   -9.44256     12.949  -0.569731 -0.0956927
  -15.1172   -9.67845    13.0232  -0.616768 -0.0997688
  -15.4286   -9.67086    13.0793  -0.364817 -0.0493835
 -16.0447  -9.72992   13.1893 -0.466394 -0.059733
   -16.5995    -9.78987      13.278   -0.147669 -0.00525332
  -17.0226   -9.77923    13.2782  -0.323813 -0.0061248
  -17.3334   -9.79605    13.3338  -0.425953 -0.0202962
  -17.7627   -9.76534    13.3118  -0.705379 -0.0717376
  -18.3279   -9.66577    13.4546  -0.965913 -0.0996488
 -18.8965  -9.58711   13.5374  -1.04759 -0.105272
  -19.4018   -9.86984    13.5947  -0.810961 -0.0604271
   -19.904   -9.69213    13.7161  -0.917733 -0.0693809
 -20.3691  -9.56452     13.83  -1.12787 -0.100341
 -20.7683     -9.51   13.8876  -1.17422 -0.104085
  -21.2163   -9.35056    13.9518   -1.13952 -0.0929482
  -21.7194   -9.15356    14.0103   -1.13133 -0.0863307
 -22.2613  -8.76676   14.1233  -1.35089 -0.111804
   -22.76  -8.48898    14.179  -1.45369 -0.123579
 -23.1308  -8.27882   14.2547  -1.57169 -0.134927
 -23.5232  -8.10829   14.3115  -1.67227 -0.144972
  -24.002   -7.6588   14.4338  -1.83368 -0.157146
-24.2463 -7.37583  14.4938 -1.99073  -0.1773
 -24.7371  -6.93411   14.5403  -2.06036 -0.182485
  -25.119  -6.58548   14.6093  -2.11291 -0.180049
 -25.453 -6.11187  14.6642 -2.16542 -0.18019
 -25.7183  -5.75678   14.7188  -2.21435 -0.179448
 -26.0807  -5.29033   14.8301  -2.12051 -0.142522
 -26.2925   -4.7699   14.9271  -2.05617 -0.114712
 -26.2938  -4.25515   15.0016  -2.16441 -0.123985
  -26.4405   -3.85619    15.1091   -1.54995 0.00744092
-26.5002 -3.64149  15.1617 -1.06859 0.101829
 -26.458 -3.04751  15.2128 -1.03819 0.107448
 -26.3773  -2.55653   15.3165 -0.554958  0.253732
 -26.4421  -2.05428   15.4622 -0.135842  0.355662
-26.4247 -1.41518  15.5831 0.142984 0.419918
 -26.1139 -0.655358   15.5914  0.103084  0.402864
  -26.0281 -0.0235149    15.5519   0.898032   0.540743
-26.1285 0.766649  15.7197  1.10062 0.592284
-26.0881  1.46015  15.9633 0.984428 0.592552
 -25.967  2.04356  16.0891 0.945969 0.589454
-25.7905  2.54566  16.3052 0.763793  0.57089
 -25.613   3.0424  16.3541 0.834157 0.576547
-25.4623  3.60587  16.3679 0.906287 0.576084
-25.2474  4.01873  16.5157 0.831855 0.569704
-25.0947  4.38562  16.7933 0.641332 0.559521
-24.5393  4.73892  17.1252 0.372379 0.546031
-24.2024  4.98561  17.4833 0.127053 0.538919
 -23.8026   5.24224   17.6144 0.0846236   0.53818
-23.4489  5.49729  17.6184 0.141705 0.538418
 -23.0784   5.79221   17.8234 0.0144772  0.530983
  -22.7866    6.06272    17.9482 -0.0340316   0.528146
 -22.2384   6.41832   18.1033 -0.137486  0.517081
 -21.8289   6.63956    18.293 -0.297935  0.498938
 -21.6144   6.80144    18.576 -0.558271  0.472995
 -21.4744   6.97308   18.9457 -0.874007   0.44976
-21.2534  7.05868  19.2875 -1.15227  0.43176
-20.9594  6.96415  19.5006 -1.31487 0.419688
-20.7455   7.1625  19.7656 -1.52318 0.410541
-20.4753  7.36977  20.0515 -1.82013 0.378818
-20.3809  7.57543  20.2935 -2.09899 0.345493
-20.1293   7.7873  20.4249 -2.26017 0.322038
-19.8223  8.13438  20.6178 -2.59248 0.276204
-19.4817  8.52306  20.7196 -2.80759 0.240289
-19.0526  8.93699  20.7964 -3.01584 0.204037
-18.6579  9.32917  20.8421 -3.17043 0.176746
-18.2118  9.71846  20.8753 -3.32604 0.148462
-17.7837  10.0626  20.8982 -3.43746 0.127879
 -17.3135   10.2344   20.9185  -3.69392 0.0825784
 -16.7728   10.3961   20.9302  -3.90021 0.0470436
  -16.156   10.6869   20.9455   -3.8413 0.0587622
 -15.6268   10.7251   20.9603  -3.90702 0.0481163
-14.9979  11.0402  20.9922 -3.34857 0.143863
-14.5786  10.8754  20.9993 -3.53624 0.110451
 -14.0204   10.9916   20.9785   -3.8055 0.0358301
 -13.4797   10.9917   20.9852  -3.85659 0.0253275
 -13.0141   11.2373   20.9628  -3.91938 0.0105317
-12.6289  11.4263  20.9404  -3.9502 0.003193
   -12.1109     11.5149     20.9186    -3.95804 0.000864789
  -11.8101    11.7275    20.8793   -3.91729 0.00614723
  -11.4212    11.9523    20.8366   -3.88845 0.00871682
-10.9329  11.9833  20.8022 -3.86988 0.010423
 -10.2878    11.865    20.748  -3.81546 0.0165302
  -9.75328    11.5029    20.7706   -3.86221 0.00995191
  -8.9088   11.4015   20.4762  -3.42121 0.0599934
 -8.4943  11.2702  20.4379  -3.0666 0.115954
