0 0 0 0
0.67634 3.38629 6.76345  33.863
2.32363 4.57285 11.5049 22.7488
3.99134 4.99335 12.9929 16.3306
 4.7441 7.67376 11.7546 19.0773
3.60053   8.853 6.11091 16.6149
4.57025 9.33465 6.38147 14.3212
7.13411 9.28988  9.3395 12.4182
8.78712 10.0671 10.3701 11.9691
9.85215 10.2869 9.86188 10.3441
9.61707 9.34267 6.67797 6.40278
8.28616  9.4194 3.18703 4.21657
 8.13854  7.82945  1.09217 0.833946
10.4083 9.04322 5.12268 4.07201
11.6489 9.50328 6.22669  4.6935
13.0698 10.2181 7.56398 5.66228
13.3314 12.0774 7.88779 7.10355
 13.675 14.4239 8.59329 9.03336
15.8793  15.923 10.9498 10.9736
17.4822 17.9213 12.4071 12.6378
18.2369 20.1451 12.5709 13.5246
19.8275 21.1222 12.6933 13.3094
20.8414 21.6453 11.6394 12.0044
21.6393 22.9177 11.2179 11.7734
 22.481 23.5448 10.3525 10.7955
24.2575 24.2282 10.9631 10.9511
24.2543 24.1376 8.44251 8.39734
23.9595 25.1023 7.08234 7.50532
25.8872 25.5497  8.3718 8.25097
24.5724 27.8887 7.03105 8.17436
25.4367 29.7048 8.17985 9.60228
27.5033 30.3453  9.4646 10.3812
28.7436 31.8954 10.3258 11.3105
29.7742 33.2724 10.5593 11.6191
31.5255 34.2195  11.227 12.0191
33.3521 35.8578  12.532 13.2477
35.2444 38.6018 14.7106  15.643
36.9579 39.3436 14.2099 14.8545
38.5036 39.4804 13.0439 13.3008
38.8174 41.9225 12.9093 13.7053
37.6689 42.4407 9.05345 10.2462
38.7888  43.739 9.58882  10.796
39.4075 43.2493 7.61354 8.52806
40.7728 44.4684  8.7192 9.57847
41.6921 46.0512 9.40055 10.3911
42.4934  47.454 9.59459 10.6968
44.6101 47.0232 9.50222 10.0266
47.5685 49.3151 13.2424 13.6139
48.2945 50.6532 12.4919 12.9832
48.8057 50.7183 10.3522 10.7424
47.7547 51.2921 7.31969 8.02702
48.5365 54.3126 9.62665 10.7591
48.3872 56.2214 9.12948 10.6359
47.8707 58.1029  8.2381 10.1686
47.9398 57.7003  5.8839 7.69124
49.8972 58.9793 8.04965  9.7008
51.0589 61.1045 9.65823  11.452
50.4925 62.0847 7.65242   9.686
52.1177  63.762 9.40846  11.416
53.6664 65.0688 10.3048 12.2373
54.0368 66.7394  9.9757 12.0927
55.0311 67.6817 9.69701 11.7708
55.5515 68.1787 8.46089 10.4974
56.4538 68.8057 8.09162 10.0521
57.6588 69.7392 8.48828 10.3757
59.9969 69.9973 9.45151 10.9899
60.3543 70.8863 8.53642 10.1321
 61.393 72.0215 8.88234 10.4686
61.6096 74.8067 9.89038  11.831
62.3265 77.1591 10.7827 12.9323
63.9259 77.5158 10.4254 12.3667
65.5337 78.1564 10.4728 12.2506
66.0604 79.3334 9.80826 11.6516
67.1993 79.8764 9.34611 11.0826
69.4303 81.3358 11.2405 12.8493
71.1031 81.5014 10.7177  12.104
72.2602 83.4633 11.6038 13.0778
  73.12  86.591 13.1541 14.9035
73.9292 86.8331 11.2524 12.9066
75.2153 88.0512 11.3652 12.9899
77.9519 89.2531 13.1412 14.5537
78.6919 89.0996 10.7797 12.0645
79.3653 89.9291 9.90959 11.1978
80.7735 89.4457 8.71352 9.75828
79.9023 92.2118  8.5563 10.0216
81.9374 92.4706   9.154 10.3931
83.4406 92.7347   9.025 10.1056
83.8157 94.1479 8.83287 10.0204
 84.252 95.9363 9.13985 10.4675
84.8891 97.1117 8.95245 10.3257
87.5654 99.2364 12.1831 13.4798
90.5136 101.889 15.5786 16.8286
91.7562 103.639 15.2819 16.5734
94.9464 103.186 14.9867 15.8727
96.2447 104.556 14.5233 15.4074
98.8313 104.607 14.2666 14.8745
99.9635  105.94 13.7603 14.3828
100.842 107.825 13.6556 14.3755
 103.12 106.452 11.7367 12.0767
104.643 107.218 11.6744 11.9345
 105.62 108.409 11.4499 11.7288
104.933 109.093 8.80454 9.21643
106.071 111.607 10.7947 11.3373
 107.52 113.009 11.5081 12.0409
109.726 113.998 12.5031 12.9137
111.201 113.402 10.7567 10.9663
112.454 113.154 9.53015 9.59608
113.075 115.334 10.4455 10.6566
114.868 117.454 12.4343 12.6736
115.551 118.812 11.8829 12.1819
116.464 120.021 11.5545 11.8778
118.328 121.222 12.3873 12.6479
119.039  122.24 11.5143    11.8
 118.41 122.608 8.59103 8.96242
117.741 122.341 5.58419 5.98765
 119.39 123.903 7.87233 8.26466
 121.23  124.25 8.57432 8.83461
122.473 124.046 7.85761 7.99203
122.776 124.282 6.69925 6.82681
123.607 124.739 6.64354  6.7386
123.446 127.115 7.51255 7.81819
 124.12 129.523 9.16278 9.60922
125.692 131.139 10.6199 11.0664
127.693 131.042 10.4127 10.6849
130.569 133.586 14.1058 14.3491
130.473 134.047 11.3284 11.6143
132.375 135.536  12.564 12.8148
134.047 135.922 12.0823 12.2299
136.038 138.455 14.3877 14.5766
137.577 139.335 13.8835 14.0197
137.606 138.621 10.0505 10.1285
139.049 140.974 11.9911  12.138
141.144 142.134 12.9636 13.0385
140.769  143.53 11.1426 11.3501
 141.87 144.942 11.4257 11.6549
 143.37 147.185 12.9923 13.2749
144.631 148.254 12.6708 12.9371
145.255 147.599 9.83874 10.0097
146.221 148.392 9.59416 9.75141
146.786 149.018 8.76684 8.92737
147.634 150.806 9.69653 9.92301
149.577 150.955 9.90574 10.0035
151.864 153.931 13.5182 13.6637
152.682 153.149 10.5934 10.6259
153.631 154.232   10.49 10.5317
155.964 154.723 11.3548 11.2691
156.888 155.644 10.8915 10.8063
157.431 157.826 11.4511 11.4779
 157.27 159.453 10.4738 10.6213
158.944 161.795 12.5692 12.7605
159.973 162.887 12.1101 12.3043
159.682  163.34 9.55362 9.79582
159.975 163.542 7.95733 8.19191
 160.61 164.864  8.3159 8.59392
 162.53 166.045  9.9071 10.1352
163.896 166.864 10.1265  10.318
164.819 166.655  8.6859 8.80353
166.691  167.45 9.74037 9.78867
 169.39 167.381 10.5798 10.4525
170.305 167.975 9.92956 9.78293
171.544 169.292 10.5768 10.4359
172.129 170.534 10.2504 10.1513
174.992 172.514 13.3927 13.2396
 175.62  173.82 12.5611 12.4506
 177.86 175.336 13.9764 13.8224
179.637 176.443 14.1119 13.9184
180.753 177.498 13.4111 13.2149
180.549 178.054 10.8201 10.6707
181.247 179.857 11.1775 11.0947
181.904 181.237 10.9439 10.9044
182.046  182.93 10.5106 10.5625
184.134 184.731 12.4984 12.5332
184.958 186.776 12.8699 12.9756
185.636  188.81 12.9723 13.1557
185.805 190.332 11.9098 12.1699
185.676 191.402 10.2463 10.5734
184.969 191.538 7.27499 7.64821
186.884 190.843 7.04774 7.27139
187.597  191.97 7.49062 7.73628
187.622 193.711 7.71368 8.05379
188.328 192.729  5.7034 5.94785
189.589 194.689 7.96891 8.25064
188.504 197.461 7.93523 8.42736
190.361 199.378   10.31 10.8027
192.196 199.958 10.6825 11.1044
193.031 201.888 11.3061 11.7848
195.081 203.665 13.0009 13.4623
195.678 204.818  11.992 12.4808
196.463 206.632  12.135 12.6759
199.936 207.148 13.8895  14.271
200.948  209.49 14.4527 14.9022
200.882 210.619 12.3425 12.8523
201.048 210.825 9.95712 10.4663
201.374  211.23 8.49853 9.00914
201.364  211.77 7.12931 7.66563
203.917 212.829  9.5389 9.99591
205.163 214.424 10.5171 10.9895
  207.7 216.589 13.3625 13.8137
211.473 217.872 16.0251 16.3482
212.827 218.725 14.8927  15.189
213.077 218.817 11.9348 12.2218
