6.76413 33.8663
16.4033 11.7752
16.5164 4.03382
7.61554 26.8973
-12.1506  11.0816
9.46701 4.58299
  25.7879 -0.304757
16.6237 7.86342
10.2748 1.82101
-3.70859 -10.8008
 -14.4582 -0.380047
-2.63483 -17.0598
24.2918 13.7311
12.7956 4.98914
14.7399 7.67857
3.02852 19.0075
4.06129 24.0916
23.0737 16.0211
16.7845 20.7389
7.80234 22.4941
15.8837 9.74814
9.55887 4.65051
7.81791 12.5638
7.96091 5.81424
17.9553 7.02381
-1.29175 -2.16546
-3.50808  9.08714
19.7835  4.9796
-13.5022  23.0382
9.28587 18.8031
21.1803 6.91992
12.8506 15.9481
10.4414 13.9052
17.7794 9.73749
18.8984 17.0157
20.0663 28.5826
16.8126  7.0953
14.7776 0.68833
3.20507 24.4887
-13.3137   3.3539
 11.471 13.2543
 5.12656 -5.95777
14.1917 12.7303
9.56606 16.2014
8.13772 14.1526
20.9773 -4.4986
 31.416 24.7503
6.91387 13.0361
   4.0169 -0.443908
-11.9463  4.30128
9.07737 31.4643
-1.64898  18.9331
-5.50434   18.476
-0.516601  -5.23428
20.6178 13.8339
12.4565 22.0926
-6.60708  8.85849
17.1238 17.6446
15.9157 13.4973
3.58537  16.588
9.79296 9.27234
4.57752 4.34285
8.81886 6.06671
12.2306 9.51438
23.7753 2.97584
3.13034 8.44644
10.5577 11.5228
2.75837  28.445
 7.6671 24.0223
15.7637 3.33642
16.0607 6.38814
4.95118 11.4548
11.1318 5.17213
23.2253 15.5088
16.4106 1.33862
12.0365 20.0846
9.44128 32.1209
7.11804 1.44628
12.9097 12.2296
28.2006 12.8538
 6.18799 -2.74699
6.29965 7.86058
 13.4227 -5.49321
-8.6854 27.6879
 20.594 2.82981
14.9278 2.53685
3.68151 14.0622
4.55116 18.0727
6.28866 11.6725
28.3597 22.8423
31.1676 28.2167
12.2885 17.3594
 31.6528 -4.77711
12.7514 13.4642
 25.6686 0.314037
 11.072 13.0794
8.75823 18.8249
 21.7256 -14.7833
15.1825 7.60853
9.65556  11.802
-8.16128  5.55158
12.4133 26.1627
14.8425 14.3746
22.5316 10.3565
 13.8261 -6.87847
 11.8773 -3.13807
6.70491 22.3004
18.9347 22.1966
6.56961 13.3227
8.96686 11.9355
19.0451 12.4015
6.67712 9.75357
-7.72892  2.23908
-8.19057 -4.16403
17.6374 16.7602
 18.71 3.7867
 12.0403 -2.42777
2.45293 1.77879
8.27321 4.53329
-1.12008  24.2452
7.59773 24.9393
16.4462 16.8976
 19.8679 -1.12517
30.5983  27.286
-2.33842  3.23223
19.6312 15.4918
16.4477 3.59846
21.0765  26.496
15.1261 8.53297
-1.64607 -9.07191
15.4162 24.5135
21.4258 12.0679
-4.6312 13.0862
11.1621 14.2702
15.7931 23.2205
12.4481 10.5227
 4.79857 -7.98779
9.53077 7.80311
5.23788 5.85094
8.96417 18.3567
19.4966 1.57132
24.6944 31.5779
6.68734 -9.3182
9.44307  10.788
23.7303 5.30286
9.00858 8.98467
5.73131 22.1226
-2.05951   15.819
17.7915 24.4762
10.0668 10.6868
-4.17783  3.26733
2.13171 1.21674
6.53596 13.4162
19.9879 12.5846
13.7552 8.29811
 8.49773 -2.82874
19.2276 8.45982
27.3655 -0.3201
8.82259 5.61061
12.7143 13.4992
  5.689 12.2691
30.1968 21.3577
  5.875 12.6541
23.0965 15.8505
17.8205  11.136
10.8159 10.1932
-3.33222  4.28199
7.17672  18.221
6.46237 13.6903
 1.2335 16.7389
21.8698  18.996
8.43902 20.6619
6.85612 20.4017
1.17649   14.71
-2.10327  9.88294
 -8.55299 -0.109722
19.0011 -7.0982
7.35902  11.499
0.387873  17.5419
  6.0327 -10.8464
13.7511 20.7417
-10.8199  27.7547
19.7569 20.3562
18.5178 5.96595
8.67955 19.6271
21.3406 18.6121
5.47638 11.0347
7.93759 18.2256
35.5661 5.99325
10.4108 23.7214
-1.69792  10.2522
0.472267  0.86565
 2.5288 3.31591
-0.776538   4.72057
26.7106 11.7837
12.9545 16.4394
 26.787 23.0679
39.0287 14.1328
12.9668 7.94844
  1.01561 -0.559693
