0
0
0
0
-0.064132
  3.07369
-0.641283
   30.737
2.18745
3.59431
10.9169
17.9478
  2.875
5.11343
9.44954
16.9087
   4.13
5.17391
9.88691
12.4946
6.11494
5.96426
12.0567
11.7535
6.93012
7.36734
 11.341
12.0683
8.58262
9.48188
12.7391
14.0225
11.0621
11.0156
 14.938
14.8788
12.6174
 12.163
14.8478
14.3419
14.6925
12.9076
15.3774
13.5914
 17.196
13.1267
16.1415
12.4412
17.6966
13.7933
14.0491
10.7955
19.6805
16.5475
16.1165
13.7057
19.3964
16.9877
12.6506
10.9293
21.1961
15.0905
11.1126
7.04151
22.2294
15.6642
10.8986
6.79476
20.8963
15.3548
6.70222
3.44195
21.2164
16.1341
6.57824
3.75423
21.5466
 16.635
6.23498
 3.6494
22.3751
 17.199
6.68429
4.09575
 23.396
18.1505
7.63094
5.13266
24.5993
19.3802
8.85108
6.47832
25.0555
20.3515
8.57062
  6.525
27.1971
22.8036
11.8862
10.0552
25.7354
24.5541
 9.0921
8.61918
27.4257
  26.08
 10.719
 10.201
28.6471
27.4862
  11.27
10.8397
29.0645
28.9772
10.7347
10.7032
 28.998
29.5297
8.78609
8.96914
31.5611
31.0656
 11.541
11.3756
32.0274
32.3787
10.8329
10.9459
 31.703
 34.143
9.68839
10.4506
32.1385
35.0961
8.92698
9.82296
33.5066
35.7702
9.22784
9.89333
34.1311
 36.291
 8.4002
9.01707
35.6763
36.6472
8.75128
9.02072
36.7335
39.4128
10.7969
11.5208
38.5681
 41.259
12.4148
13.1227
38.5133
42.5994
 10.836
11.8835
39.0508
43.6198
9.99537
11.1374
40.0621
44.4201
9.69992
10.7626
41.1096
44.3519
8.65985
9.43164
43.3874
46.7816
11.8715
12.6607
 43.568
46.7249
9.31938
10.0367
44.3129
49.3058
10.6679
11.7773
 45.714
49.3598
9.94932
10.7417
45.8587
50.3557
8.83546
9.79208
46.8474
51.2445
8.87221
 9.7881
48.0418
52.5773
 9.6021
10.5275
47.8859
53.2513
7.86744
8.94036
46.7102
53.4233
4.76307
 6.0792
 46.086
 54.711
4.12449
5.78297
48.7866
57.1497
8.77429
10.3521
50.3019
  58.36
9.72038
11.2125
53.5781
 60.842
13.8784
15.1989
 55.545
62.2595
14.4688
15.6677
54.3711
63.4011
10.8918
12.4758
54.7871
64.0302
9.45188
11.0454
55.7164
65.8282
10.1446
11.8583
55.6181
67.3212
9.13121
11.0816
55.0416
 68.627
7.55731
9.78429
55.7042
69.7473
7.59257
9.85744
56.4505
70.8334
7.68074
9.96359
56.5628
70.7202
5.75466
7.96664
58.7939
70.7981
6.97831
8.82496
58.4675
71.1187
5.18092
7.09764
  58.73
72.8212
5.90676
8.00981
58.5501
73.3891
 4.7521
6.93418
56.9769
75.8952
4.21042
6.95208
56.4064
77.9647
4.46671
7.54636
57.7699
77.9082
4.70582
7.54207
58.1562
79.1272
5.09043
8.00295
58.9163
79.4062
4.84301
7.64972
58.6752
81.7886
5.67595
8.79926
 58.825
81.7271
4.20054
7.25405
58.8862
83.1474
4.50465
 7.6968
57.6976
83.9156
2.57549
5.98032
57.9399
85.6703
3.76863
 7.3237
57.8899
88.1665
5.11551
8.94788
 57.931
90.2836
5.84514
9.88911
59.0754
91.8889
7.14858
11.1995
61.7853
92.6224
9.08105
12.8416
62.3386
93.2275
7.95192
11.6734
 61.836
94.5526
6.59855
10.4933
63.0365
96.4188
8.09073
 12.018
64.5545
97.9129
9.22733
13.1061
67.1194
98.9945
10.9051
14.5688
65.9631
101.038
8.89982
12.8856
66.8182
101.279
7.75322
11.6251
68.0047
102.224
8.00389
 11.806
70.3837
102.606
9.00129
12.5421
 71.415
104.066
9.37086
12.9198
72.3083
106.393
10.4145
14.0794
72.7384
106.694
8.53198
12.1442
73.2074
107.472
7.62332
11.2301
 74.645
108.159
7.94669
11.4377
 75.168
110.893
9.31549
12.9984
75.3189
112.635
8.87741
12.6851
76.2704
112.951
7.94115
11.6462
77.8004
 114.92
9.64851
13.3604
79.5969
116.084
10.4311
14.0436
80.7732
116.126
  9.139
12.6049
81.9022
117.374
9.37534
12.8191
83.5192
117.946
9.40793
12.7181
85.4021
119.784
11.1018
14.3761
87.6619
121.551
12.7839
15.9809
90.3104
122.413
13.5871
16.5873
92.9387
122.635
13.5264
16.2759
94.9938
123.096
13.0971
15.6753
96.2623
124.746
13.1364
15.7257
97.1782
125.924
12.2561
14.8458
98.3262
127.836
12.6229
15.2576
100.244
130.116
14.1841
16.8276
102.817
130.891
14.5485
 17.011
103.166
132.858
13.5561
 16.138
  104.2
134.418
13.1278
15.7327
 105.39
134.138
11.0058
13.4628
107.229
136.345
 12.777
15.2444
107.856
137.398
11.5229
14.0054
108.691
138.171
10.4869
12.9435
109.539
140.085
10.9185
13.4429
110.307
141.093
10.1841
12.7075
111.744
140.364
8.52657
10.8533
112.363
141.905
8.74507
11.1274
111.999
144.074
8.45161
11.0175
112.921
145.669
9.06778
11.6668
113.494
146.542
8.36917
10.9712
 113.67
147.512
 7.4728
10.1166
114.667
148.217
7.43139
10.0321
115.173
149.615
7.58122
10.2305
116.412
148.824
6.18822
8.66237
117.448
147.909
4.75592
7.06347
118.047
149.767
6.13408
8.51903
117.449
150.587
4.70812
7.18103
116.633
150.242
2.08966
4.57913
116.759
151.155
2.48272
 5.0118
118.361
151.083
3.42015
5.80859
 119.21
151.804
4.15221
6.51406
 118.95
 152.88
3.83438
6.27531
119.284
 153.24
3.49076
5.91618
119.908
154.448
4.46805
6.91766
 120.82
154.977
4.82683
7.23223
120.835
157.363
6.07971
8.63404
121.006
157.707
5.02027
 7.5689
120.289
157.866
2.97944
 5.5709
 119.93
159.075
2.92987
5.61097
120.396
158.633
 2.0472
4.64833
121.752
158.538
2.76234
 5.2478
 122.68
160.514
5.07261
7.61177
123.437
162.107
6.25414
8.83206
124.273
164.353
7.96451
10.6188
125.384
  164.3
7.12204
9.68224
126.313
166.195
8.36962
10.9763
127.455
165.451
6.73213
9.19931
130.774
165.902
9.25157
11.5179
131.852
  167.4
9.79969
12.0784
135.317
168.663
12.6986
14.8225
136.353
171.977
14.4087
16.6633
137.023
172.638
12.4427
14.6826
137.936
 173.35
11.2488
13.4621
136.721
172.507
6.21204
8.43471
139.702
172.544
8.03502
10.0623
140.078
173.748
7.76066
9.82625
140.741
172.869
5.61951
7.57852
142.127
174.336
 7.3258
9.27781
142.775
175.764
7.77093
9.75816
143.655
176.115
7.21237
9.15602
145.313
177.616
8.91515
10.8379
145.352
178.223
7.42615
9.37116
145.387
 179.54
7.02977
9.03871
146.275
181.157
8.01245
10.0523
146.862
180.534
  6.006
7.96361
148.153
180.243
5.61737
7.47222
148.416
179.016
3.13947
4.89799
149.972
179.756
4.82638
6.52826
150.408
181.623
 6.0875
7.86106
151.755
 182.67
7.21188
8.95846
153.176
184.865
9.41591
11.1961
154.386
186.664
10.4564
12.2595
 155.07
188.381
10.5763
12.4269
156.966
186.688
8.35129
9.99336
 158.08
186.274
 7.1373
8.68638
159.886
188.268
9.59994
11.1508
162.048
187.582
9.01655
10.4042
163.155
187.958
   8.53
9.87062
162.223
189.246
6.82448
8.27728
162.527
190.216
6.54844
8.02905
164.558
192.212
9.40879
10.8797
164.981
 192.34
 7.7774
9.22492
 165.98
194.556
9.43188
10.9359
169.349
194.769
11.2362
12.5671
170.415
197.174
12.4159
13.8096
170.677
197.124
9.74938
11.1197
 172.12
198.376
10.4344
11.7878
 173.14
200.077
10.9741
12.3554
173.471
201.215
9.99636
11.4118
174.645
202.293
 10.127
11.5304
175.758
203.749
10.5697
11.9833
177.485
203.641
9.91133
11.2257
177.942
204.866
9.41653
10.7626
