-0.641347
    30.74
22.5163
5.17482
6.79087
15.1071
 12.3143
0.362698
 19.977
8.02729
8.10519
13.9855
16.9889
  21.61
25.2815
15.8225
15.4429
11.3627
20.7101
7.40318
24.9577
2.11233
4.21477
5.87479
20.9298
28.6342
-4.24848
 2.99468
 16.7486
-20.2225
10.2253
5.62938
-15.1237
-4.88587
3.24604
7.83894
3.19325
4.89979
8.50317
 5.8582
10.6944
10.0015
12.6639
12.9271
4.50446
9.65615
23.1089
26.2138
-15.6659
 16.4574
 17.699
16.0556
12.5097
14.3587
4.0072
14.743
-1.58266
 4.60767
26.9173
16.6448
4.37995
12.8478
-3.65398
 17.2336
4.00849
9.18522
13.7734
 6.8327
5.81901
4.78269
15.5409
   3.65
11.7077
28.7929
19.1502
19.2666
-1.25211
 12.6993
4.97815
9.80796
9.94595
7.83567
 9.88221
-1.27499
24.3884
25.9066
0.512113
-1.86062
8.22073
26.5812
 13.5726
0.101658
0.931061
 9.44258
9.89498
8.89637
12.3114
13.6956
-2.38947
 5.90987
-13.2481
0.228279
-6.4755
12.6437
29.3102
26.6918
15.6047
12.5541
34.7983
26.8568
 19.934
14.4397
-13.4318
 9.72349
3.44225
5.57369
9.66945
18.3563
-1.43032
 14.4825
-6.48346
 12.3403
6.65363
  11.23
7.51184
10.9097
0.141329
-2.11212
22.8326
1.29848
-4.14586
 2.32559
3.03411
17.4345
-2.35608
 5.12119
-15.8634
 24.9308
-5.4926
20.9079
  13.6943
-0.507154
4.07358
12.4018
7.45096
2.63916
-1.9151
24.3203
0.742296
-1.37022
0.79894
  14.39
-12.7977
 6.77088
3.05727
18.1811
0.242848
 25.7048
0.828359
 21.5893
12.0972
16.7063
27.9927
8.22796
4.95921
5.47678
-5.65946
 12.6175
12.7591
 19.417
15.7362
15.4963
 26.434
11.6014
-12.4854
  19.517
7.94968
1.80031
11.9723
9.56374
24.2236
4.25416
   10.5
14.7793
9.48413
23.8227
3.34609
2.05945
4.23447
 7.3278
14.5088
6.99937
5.96272
28.0691
1.32083
17.2364
9.02107
2.66556
16.1556
20.5394
18.3315
12.0063
  11.0803
-0.259525
11.4026
12.5942
16.153
5.6993
19.6674
19.2182
23.4193
18.4926
26.8384
8.97465
26.1897
2.12429
20.2935
4.35937
12.7075
16.5134
8.71859
11.3425
11.6753
19.3196
19.9605
23.5759
 25.863
7.88771
3.02335
19.2096
10.1362
15.3896
 10.7993
-3.89846
19.2793
22.9537
5.64408
9.91167
7.83252
 7.2062
8.71195
19.3731
7.30639
9.70658
 13.4971
-8.16416
6.31282
15.5299
-3.73923
 21.5951
 9.5321
16.2641
5.38701
8.37681
 1.3192
9.26632
9.94274
7.01674
 5.1394
14.0656
 11.6518
-8.64585
  9.6063
-9.91174
6.69223
19.2958
-6.66854
 7.50183
-9.46109
-4.75152
1.46034
9.33707
  16.4529
-0.287243
8.84865
7.56777
-2.7355
10.6189
3.16349
3.43242
6.73193
12.5688
9.29043
5.46205
0.815441
 24.5171
1.17815
 2.9127
-8.18232
0.577318
-3.58762
 12.0905
  4.1943
-4.88005
  13.8936
-0.624996
 10.447
20.9343
8.16996
16.5236
9.23182
23.3399
  10.6666
-0.978398
9.92213
19.5902
 10.5742
-8.30055
 34.394
5.72745
11.0587
15.2538
36.0583
14.0349
11.2479
34.0278
5.71363
5.62496
  8.529
6.52436
 -14.662
-10.9479
30.6678
1.23158
3.63448
11.9109
5.52781
-9.8853
14.7109
15.5151
6.71653
14.5145
8.50848
 3.2171
17.4281
15.8637
-0.353848
  5.32811
0.169375
 12.9838
9.38109
16.6686
 4.84399
-7.25483
 12.6948
-3.12527
 1.36728
-13.5383
16.3889
8.23442
5.00337
19.3209
14.0299
11.0276
15.3237
 23.055
12.6197
18.5117
6.91053
 17.242
 17.7967
-18.0863
 10.5118
-4.77206
19.2924
21.1665
 21.2902
-7.18944
10.8154
 3.5047
-10.149
12.0554
2.91395
9.56645
21.7375
 21.395
 3.40245
0.455161
10.8292
23.0002
34.5536
2.99186
11.2634
24.6509
 1.27941
-1.83615
14.7754
12.8595
10.4754
17.2833
2.82272
10.9002
11.8078
10.8463
11.3572
14.7785
 16.9079
-1.43518
4.33816
12.0098
